216.7
216.9
217.0
217.1
217.2
217.3
217.3
217.3
217.3
217.3
217.1
216.9
216.7
216.2
215.6
215.1
214.5
214.2
213.8
213.5
212.8
212.2
211.5
210.9
210.6
210.4
210.1
209.8
209.5
209.3
209.0
209.0
209.0
209.0
209.0
209.0
209.2
209.4
209.5
209.7
209.9
210.1
210.3
210.5
210.6
210.8
211.0
211.1
211.2
211.3
211.4
211.5
211.5
211.6
211.7
211.8
212.0
212.2
212.3
212.4
212.5
212.5
212.6
212.7
212.8
212.9
213.0
212.9
212.8
212.7
212.6
212.5
212.5
212.4
212.6
212.9
213.2
213.5
213.8
214.2
214.5
214.9
215.5
216.0
216.5
216.7
216.9
217.1
217.3
217.5
217.6
217.8
218.0
218.3
218.5
218.8
219.1
219.4
219.6
219.9
220.2
220.3
220.4
220.5
220.3
220.1
219.9
219.7
219.6
219.5
219.4
219.2
219.2
219.2
219.2
219.2
219.2
219.1
219.0
218.8
218.6
218.5
218.5
218.4
218.3
218.0
217.7
217.5
217.3
217.1
216.9
216.7
216.5
216.0
215.5
214.9
214.5
214.2
213.9
213.6
213.4
213.1
212.8
212.5
212.6
212.7
212.8
212.9
213.0
213.0
212.9
212.8
212.7
212.6
212.5
212.5
212.4
212.3
212.2
212.0
211.8
211.7
211.6
211.5
211.5
211.4
211.3
211.2
211.1
211.0
210.8
210.6
210.5
210.3
210.1
209.9
209.7
209.5
209.4
209.2
209.0
209.3
209.5
209.8
210.1
210.4
210.6
210.9
211.5
212.2
212.8
213.5
213.8
214.2
214.5
215.0
215.5
215.9
216.4
216.5
216.5
216.6
216.7
216.8
216.9
217.0
217.0
217.0
217.0
217.1
217.2
217.3
217.4
217.5
217.5
217.6
217.7
217.8
217.9
218.0
218.0
218.0
218.0
218.1
218.2
218.3
218.4
218.5
218.5
218.6
218.7
218.8
218.9
219.0
219.0
219.0
219.0
219.0
219.0
219.0
219.0
219.0
219.0
219.0
219.0
219.0
219.0
219.0
219.0
218.9
218.8
218.7
218.6
218.5
218.5
218.4
218.3
218.2
218.1
218.0
218.0
218.0
218.0
217.9
217.8
217.7
217.6
217.5
217.5
217.4
217.2
217.0
216.8
216.6
216.5
216.5
216.4
216.5
216.5
216.6
216.7
216.9
217.1
217.3
217.3
217.3
217.3
217.3
217.1
216.9
216.7
216.2
215.6
215.1
214.5
214.2
213.8
213.5
213.1
212.5
211.8
211.2
210.9
210.6
210.4
210.1
209.8
209.5
209.3
209.0
209.0
209.0
209.2
209.4
209.5
209.7
209.9
210.1
210.3
210.5
210.6
210.8
211.0
211.1
211.2
211.3
211.4
211.5
211.5
211.6
211.7
211.8
212.0
212.2
212.3
212.4
212.5
212.5
212.6
212.7
212.8
212.9
212.9
212.8
212.7
212.6
212.5
212.5
212.4
212.6
212.9
213.2
213.5
213.8
214.2
214.5
214.9
215.5
216.0
216.5
216.7
216.9
217.1
217.3
217.5
217.6
217.8
218.0
218.3
218.5
218.8
219.1
219.4
219.6
219.9
220.0
220.1
220.2
220.3
220.1
219.9
219.7
219.6
219.5
219.5
219.3
219.3
219.3
219.3
219.3
219.3
219.3
219.3
219.1
218.9
218.7
218.6
218.5
218.5
218.4
218.3
218.0
217.7
217.5
217.3
217.1
216.9
216.7
216.5
216.0
215.5
214.9
214.5
214.2
213.8
213.5
213.3
213.0
212.7
212.5
212.5
212.6
212.7
212.8
212.9
212.9
212.8
212.7
212.6
212.5
212.5
212.4
212.3
212.2
212.1
212.0
212.0
212.0
